71.37
24.01
13.21
23.82
44.81
65.43
14.47
71.83
44.46
32.63
93.24
35.95
53.34
98.79
71.65
79.52
78.05
48.97
34.46
54.38
96.98
65.15
38.6
31.15
85.78
45.65
15.03
76.06
70.6
53.62
96.54
85.03
85.07
21.36
11.85
64.26
50.3
87.44
30.88
22.65
73.67
87.1
58.34
25.78
90.48
71.41
62.44
37.73
47.36
32.23
62.31
96.21
62.17
10.01
95.76
93.05
36.55
72.65
39.02
27.18
71.71
65.2
32.47
58.15
87.0
88.8
71.31
78.84
67.77
64.46
64.08
56.84
37.06
54.12
19.73
83.51
67.82
13.59
36.32
83.08
73.44
16.62
36.49
98.08
34.41
60.1
10.74
50.05
54.75
54.2
92.96
13.45
36.8
19.97
70.55
32.17
55.61
87.51
81.45
30.91
39.87
11.24
72.65
52.85
85.71
59.87
52.69
26.55
50.02
98.02
66.47
92.75
52.6
90.95
17.88
27.3
71.61
91.85
13.0
99.86
75.39
12.56
65.06
71.99
28.77
92.84
25.01
65.27
94.48
69.45
36.55
50.37
23.65
58.5
62.9
45.57
43.62
82.33
67.07
17.48
73.7
85.34
78.79
79.81
26.42
93.1
98.15
91.21
21.81
62.98
57.22
58.13
65.56
78.21
54.09
54.96
46.24
41.58
15.16
24.08
91.17
63.09
79.52
64.35
92.91
99.16
25.89
46.51
30.67
90.75
32.74
63.29
42.68
65.79
52.95
85.6
13.76
39.01
73.16
75.88
17.63
78.44
99.3
93.18
10.25
28.62
21.6
50.7
84.03
95.83
94.19
26.91
35.9
52.83
82.99
77.18
20.93
83.08
38.39
57.6
78.74
28.61
46.06
50.46
79.54
38.92
63.2
49.97
83.04
49.69
14.08
66.96
60.6
85.56
67.59
73.03
28.18
39.2
94.75
35.95
55.1
20.82
10.54
29.04
49.96
36.71
14.67
69.67
41.23
35.19
37.82
66.34
13.87
86.81
70.12
94.36
27.85
37.45
20.02
27.28
22.32
31.47
68.55
65.5
95.03
23.4
64.42
56.21
83.64
98.62
34.77
31.76
34.53
31.07
27.73
11.06
80.19
38.96
96.87
85.99
50.9
39.76
24.53
77.47
72.34
52.83
64.44
78.38
82.08
57.02
73.86
94.88
55.22
83.34
83.57
83.01
98.45
38.53
19.06
70.48
66.33
58.23
21.69
99.86
88.81
57.2
71.06
46.71
44.57
63.08
16.41
95.57
18.86
49.31
26.86
24.89
19.4
13.06
94.78
80.62
26.3
62.73
35.58
88.29
16.57
17.9
19.86
90.7
42.33
43.95
32.1
89.47
18.52
20.14
33.16
88.82
43.4
80.58
80.37
48.18
40.14
47.69
36.6
41.22
12.04
20.72
73.94
96.23
72.72
19.85
88.71
26.4
33.46
61.89
53.72
16.58
18.79
27.24
98.84
13.17
12.78
87.81
79.69
19.53
26.2
53.61
60.52
36.78
66.22
21.36
76.69
95.49
77.9
89.17
51.68
26.79
81.12
66.45
57.98
42.54
37.05
35.09
49.38
20.91
10.88
64.16
50.51
73.71
22.81
47.54
38.2
10.64
88.74
46.09
34.06
46.3
97.93
55.33
10.31
54.11
72.95
63.31
99.47
60.35
40.3
95.34
13.07
29.15
82.39
73.15
71.26
75.97
94.44
39.69
22.45
48.69
83.26
12.97
18.1
18.81
60.49
81.68
44.26
32.77
72.07
41.47
94.4
86.81
34.0
49.18
52.5
67.07
41.13
51.03
15.24
64.74
88.83
59.68
82.47
94.36
60.79
16.43
35.73
49.4
85.95
12.7
67.58
11.27
29.99
38.52
23.93
62.52
98.42
66.25
12.58
36.08
64.82
18.21
46.14
23.61
21.74
90.14
51.53
65.07
89.89
52.3
25.06
59.58
58.16
15.98
53.85
21.68
35.17
78.7
62.24
46.87
41.94
14.65
86.37
41.22
50.41
44.43
73.37
64.59
50.95
61.62
85.77
24.72
67.9
31.51
47.17
49.19
32.78
87.96
83.29
21.08
56.98
62.01
23.02
24.04
96.65
26.72
68.75
30.97
51.49
90.31
72.56
29.68
32.23
23.22
68.1
49.69
58.33
64.52
16.07
72.31
51.97
70.92
30.59
83.19
76.87
67.56
97.79
76.51
85.07
81.05
67.74
30.88
61.89
39.22
96.44
58.65
39.61
59.44
79.51
47.12
67.23
62.28
41.97
43.29
55.44
35.62
82.68
59.73
48.74
96.65
26.17
17.4
18.57
93.11
43.36
63.82
58.36
48.08
37.21
12.71
72.86
97.35
91.7
26.19
11.61
32.83
30.01
36.84
49.38
74.05
86.5
94.56
59.11
93.78
18.31
79.24
12.48
36.42
23.63
69.13
93.59
91.09
60.56
36.94
92.23
93.96
60.85
35.01
15.95
85.16
64.85
25.67
80.01
11.38
62.51
19.94
77.77
47.7
41.91
17.82
11.13
47.89
81.99
52.76
70.65
82.34
13.66
42.61
81.3
66.03
77.83
79.8
94.92
54.42
97.24
75.79
35.88
77.23
61.41
15.7
42.72
43.73
31.09
38.98
42.66
40.12
82.3
13.14
42.22
95.73
36.23
21.8
71.2
43.04
74.31
44.48
81.72
44.38
78.27
53.33
98.65
60.98
23.47
36.09
12.02
25.48
15.39
62.82
42.85
92.04
14.21
97.11
43.32
57.53
45.71
70.2
85.54
60.49
56.55
60.34
22.76
45.04
97.17
63.85
60.45
65.92
46.23
82.28
40.25
86.87
55.77
80.99
74.71
25.16
83.39
48.4
71.26
95.2
52.42
95.88
67.55
15.83
48.79
77.64
61.47
16.02
35.06
49.59
87.75
39.19
41.62
96.96
99.55
29.43
88.33
83.33
12.57
65.19
50.96
51.8
39.98
25.53
44.02
19.76
24.59
74.54
71.54
28.26
13.46
49.54
90.77
85.08
79.02
87.29
43.55
36.67
81.74
67.59
83.56
47.36
48.39
35.05
57.64
13.04
23.32
61.02
76.67
31.27
32.88
70.86
68.4
27.34
57.05
84.83
60.04
91.63
18.82
28.04
38.16
68.89
56.92
98.4
73.96
23.46
48.01
69.94
89.72
44.82
65.59
13.91
20.25
41.01
58.89
85.14
10.84
74.69
99.6
17.39
68.14
84.15
96.11
53.91
59.14
31.7
47.69
49.81
42.44
79.78
69.95
73.99
80.01
97.78
13.58
61.67