175
126
197
218
270
144
136
227
255
242
228
153
219
233
155
160
238
137
196
164
144
183
212
248
263
160
140
180
172
152
203
128
135
163
140
269
252
139
163
134
270
141
213
257
135
212
220
243
248
205
137
262
241
197
226
204
221
141
195
196
231
172
166
209
245
217
243
188
196
136
245
265
239
190
222
134
183
187
151
143
146
185
231
244
145
193
178
201
172
182
202
265
155
188
229
191
259
238
262
203
254
194
275
198
175
129
177
141
178
215
186
138
170
201
186
266
207
220
168
227
228
239
248
265
251
176
126
160
131
175
275
160
230
256
221
149
218
219
139
261
205
136
253
148
209
258
271
155
148
137
163
210
183
210
266
195
259
129
208
227
231
256
129
221
208
252
270
171
159
193
220
142
192
203
224
165
200
162
131
210
170
272
137
250
219
163
210
188
132
212
259
143
200
246
197
142
204
177
177
172
163
126
223
129
148
223
185
154
166
185
256
210
175
205
190
232
223
234
218
215
126
172
271
149
176
265
268
211
142
215
156
232
214
258
180
200
274
126
179
233
256
175
203
155
171
142
254
224
212
201
269
222
262
269
241
192
273
265
144
224
217
137
248
255
237
233
262
161
159
267
214
256
188
153
132
219
203
172
171
177
203
217
210
258
251
199
165
177
189
167
139
189
215
229
161
142
160
244
250
221
247
150
241
159
238
149
182
229
273
220
240
171
196
207
157
218
167
213
151
251
129
254
144
243
174
200
248
233
271
202
205
175
128
130
136
215
197
251
224
210
153
185
263
161
220
184
156
177
151
239
174
272
201
129
206
233
151
127
254
161
196
132
275
272
223
143
271
164
214
225
136
258
138
237
213
127
268
266
269
157
158
217
213
228
162
222
225
246
146
128
209
160
151
128
258
200
164
131
125
200
203
272
256
169
254
179
126
237
261
252
255
250
182
245
265
224
215
147
151
253
149
246
223
188
193
130
191
227
254
148
129
159
170
271
217
250
212
181
263
145
272
266
213
154
162
158
176
267
174
244
141
240
155
262
136
233
181
162
206
241
264
147
163
253
198
228
261
152
257
195
171
229
255
186
250
147
125
137
158
135
222
203
217
208
249
136
166
219
265
275
183
180
196
186
193
207
137
208
171
228